255
254
253
253
252
252
251
251
250
250
249
248
248
247
247
246
245
244
243
243
242
241
239
238
237
236
234
232
231
229
227
225
223
220
218
215
212
209
206
202
199
195
191
187
183
178
173
168
163
158
153
147
141
135
129
123
117
110
104
97
91
84
78
72
65
59
53
47
41
35
30
25
21
16
13
9
6
4
2
0
0
0
0
1
3
5
8
12
16
21
26
32
39
46
54
62
70
79
88
97
106
115
124
132
141
149
157
164
171
177
182
186
190
192
193
194
193
192
189
186
181
175
169
161
153
145
136
126
116
107
97
87
78
69
61
53
47
41
37
34
32
31
32
34
37
41
47
54
61
70
79
88
98
108
118
127
136
144
151
158
162
166
168
169
168
166
162
157
151
143
135
126
117
108
98
89
81
73
66
61
57
54
53
53
55
58
63
69
76
84
93
101
110
119
126
133
139
144
147
149
149
148
145
141
136
129
122
115
107
99
92
85
80
75
72
71
70
71
74
78
83
89
95
102
108
115
120
125
129
132
133
133
132
129
126
122
117
111
106
101
96
92
89
87
85
86
87
89
92
95
99
103
107
111
114
116
