68
68
68
68
68
68
68
68
68
68
68
68
68
68
68
68
68
68
68
68
68
68
68
68
70
70
71
73
75
76
78
81
83
84
86
88
89
89
89
89
89
89
89
88
86
84
83
81
79
76
75
73
71
70
70
68
68
68
68
68
68
68
68
68
68
68
68
68
68
68
68
66
66
65
61
60
58
53
48
60
75
94
108
129
144
159
172
182
197
214
225
242
255
243
225
207
190
164
144
126
108
86
70
51
28
0
25
31
36
41
45
48
51
53
55
56
58
60
61
63
65
65
66
66
66
68
68
68
68
68
68
68
68
70
70
70
70
70
70
70
70
70
70
70
70
70
70
70
70
70
70
70
70
70
70
70
70
70
70
71
71
71
73
75
76
78
81
83
84
86
88
89
91
93
94
96
96
96
98
98
98
98
98
98
98
96
94
93
91
89
86
84
83
81
78
76
75
73
71
71
70
70
70
70
70
70
70
70
70
70
70
70
70
70
70
70
70
70
70
73
73
76
78
81
83
84
84
84
84
84
84
84
83
81
79
78
76
75
73
73
73
71
70
70
70
70
70
70
70
70
70
70
70
70
70
70
