109
109
109
109
109
109
109
109
108
108
108
108
107
107
106
106
106
105
104
104
103
103
102
102
101
101
100
100
99
99
99
98
98
98
99
99
99
100
101
102
103
104
106
107
109
111
114
116
118
121
124
126
129
132
135
137
140
142
145
147
148
150
151
151
152
152
151
150
148
146
143
139
135
131
126
120
114
108
101
94
86
79
71
63
56
48
41
34
27
21
16
11
7
4
1
0
0
0
2
5
9
14
20
27
35
44
54
64
76
87
100
112
125
138
151
163
176
187
198
209
218
227
235
241
246
250
253
255
255
253
250
246
241
235
227
218
209
198
187
176
163
151
138
125
112
100
87
76
64
54
44
35
27
20
14
9
5
2
0
0
0
1
4
7
11
16
21
27
34
41
48
56
63
71
79
86
94
101
108
114
120
126
131
135
139
143
146
148
150
151
152
152
151
151
150
148
147
145
142
140
137
135
132
129
126
124
121
118
116
114
111
109
107
106
104
103
102
101
100
99
99
99
98
98
98
99
99
99
100
100
101
101
102
102
103
103
104
104
105
106
106
106
107
107
108
108
108
108
109
109
109
109
109
109
109
109
