211
226
55
44
36
214
245
15
46
152
201
16
168
121
65
159
216
117
75
22
28
22
26
216
71
39
237
194
224
180
230
4
97
65
187
92
249
166
254
60
80
221
5
201
126
22
10
173
52
186
240
40
125
103
214
182
160
221
95
206
235
4
196
35
43
92
182
138
112
240
24
56
36
141
157
35
87
223
251
85
34
129
215
159
251
121
122
242
181
113
97
68
0
132
139
89
136
90
137
39
117
194
143
185
40
192
242
211
147
62
15
47
148
1
97
101
48
103
229
22
4
112
131
225
145
177
100
133
0
232
174
126
187
56
100
170
59
21
53
38
149
64
244
22
27
224
134
77
249
4
93
152
169
238
48
186
213
166
65
30
215
54
93
136
33
191
110
2
163
45
145
181
176
231
198
198
160
243
112
103
171
188
254
219
85
200
249
15
136
93
181
67
248
192
0
148
243
245
140
189
244
173
183
225
187
163
143
248
137
88
55
48
58
124
30
94
127
190
136
150
116
156
102
171
108
57
13
221
11
17
22
126
86
51
5
82
158
41
126
249
137
239
80
102
227
244
25
80
106
164
72
237
232
26
156
237

